Country Code,Country,Year,Preterm,Pertussis,Intrapartum,Sepsis,Tetanus,Congenital,Pneumonia,Diarrhoea,Malaria,Aids,Measles,Injury,Meningitis,Other,Total
AFG,Afghanistan,2015,14.6,1.2,11.0,7.0,0.8,4.9,19.8,12.4,0.0,0.0,1.0,7.3,2.5,17.3,100
ALB,Albania,2015,20.8,0.7,7.5,2.7,0.4,27.5,11.9,1.2,0.0,0.3,0.0,8.7,1.9,16.3,100
DZA,Algeria,2015,21.9,0.8,13.7,8.8,0.2,16.3,12.9,5.0,0.0,0.1,0.1,6.2,0.8,13.2,100
AND,Andorra,2015,24.3,0.0,7.4,2.9,0.0,36.0,2.7,0.1,0.0,0.0,0.0,6.1,0.8,19.6,100
AGO,Angola,2015,12.5,0.5,10.8,5.0,1.2,5.8,17.4,14.7,6.3,1.2,0.3,5.3,1.4,17.5,100
ATG,Antigua & Barbuda,2015,26.5,0.0,14.2,0.0,0.0,21.6,3.2,0.0,0.0,2.6,0.0,4.5,0.0,27.5,100
ARG,Argentina,2015,25.7,0.6,3.9,4.9,0.0,28.1,7.4,1.3,0.0,0.1,0.0,7.8,1.3,18.8,100
ARM,Armenia,2015,23.4,0.6,8.5,3.5,0.0,26.4,10.7,1.3,0.0,0.2,0.0,8.5,1.7,15.2,100
AUS,Australia,2015,19.7,0.1,10.4,1.2,0.0,28.0,2.7,0.3,0.1,0.0,0.0,7.7,0.9,29.0,100
AUT,Austria,2015,23.5,0.0,6.5,1.6,0.0,33.6,1.5,0.4,0.0,0.1,0.0,4.9,1.8,26.0,100
AZE,Azerbaijan,2015,24.3,0.5,13.6,6.9,0.2,14.1,12.2,5.9,0.0,0.1,0.0,6.2,0.6,15.2,100
BHS,Bahamas,2015,28.2,0.0,8.3,3.9,0.0,11.7,13.0,0.6,0.0,0.9,0.0,9.9,0.6,22.8,100
BHR,Bahrain,2015,21.9,0.0,2.9,0.6,0.0,36.1,2.3,0.4,0.0,0.4,0.0,5.6,1.2,28.6,100
BGD,Bangladesh,2015,19.8,0.4,14.9,12.4,0.3,9.3,14.5,6.0,0.2,0.0,1.9,6.0,1.5,12.6,100
BRB,Barbados,2015,19.1,0.0,12.7,13.1,0.0,18.8,2.6,0.0,0.0,0.0,0.0,6.6,0.0,27.1,100
BLR,Belarus,2015,20.7,1.4,7.1,2.4,0.0,35.4,6.1,0.6,0.0,0.1,0.0,8.1,1.3,16.8,100
BEL,Belgium,2015,16.3,0.3,9.1,2.0,0.0,29.4,1.6,0.1,0.0,0.0,0.0,9.7,1.6,29.7,100
BLZ,Belize,2015,17.3,0.0,8.0,7.6,0.0,23.9,8.3,3.1,0.0,1.2,0.0,7.0,1.5,22.1,100
BEN,Benin,2015,12.9,1.0,9.4,7.0,0.2,5.1,15.4,10.8,11.6,1.1,0.7,5.7,2.4,16.8,100
BTN,Bhutan,2015,21.9,0.4,12.0,9.0,0.2,11.1,14.6,6.2,0.0,1.6,0.0,7.5,1.2,14.5,100
BOL,Bolivia,2015,18.7,2.9,14.5,6.5,0.3,14.6,13.9,6.1,0.0,0.3,0.0,7.5,1.0,13.8,100
BIH,Bosnia & Herzegovina,2015,31.4,0.6,9.8,4.9,0.0,32.5,5.1,0.4,0.0,0.1,0.8,2.9,0.5,11.1,100
BWA,Botswana,2015,21.6,0.3,12.2,7.0,0.2,11.1,12.4,6.3,0.0,5.1,0.7,6.4,0.6,16.2,100
BRA,Brazil,2015,18.9,0.2,9.3,7.8,0.0,22.1,9.1,2.5,0.0,0.2,0.0,6.1,1.2,22.6,100
BRN,Brunei,2015,18.1,0.0,8.7,8.0,0.0,25.2,3.7,2.3,0.0,0.0,0.0,2.8,0.3,31.1,100
BGR,Bulgaria,2015,25.5,0.0,9.8,2.5,0.0,25.0,17.0,1.1,0.0,0.0,0.4,5.2,1.8,11.8,100
BFA,Burkina Faso,2015,11.2,1.0,9.0,6.8,0.2,4.3,12.8,8.2,21.4,0.6,2.3,5.8,2.0,14.4,100
BDI,Burundi,2015,12.9,1.1,12.0,6.0,0.3,5.6,16.0,10.1,6.5,0.9,0.1,7.9,1.8,18.9,100
KHM,Cambodia,2015,16.4,2.9,13.0,8.7,0.2,10.7,16.5,6.7,0.3,0.5,0.0,8.1,1.8,14.3,100
CMR,Cameroon,2015,10.4,1.1,10.8,5.3,0.3,6.2,15.5,11.3,9.9,4.0,0.2,6.9,1.8,16.4,100
CAN,Canada,2015,27.1,0.2,9.2,3.2,0.0,31.4,2.1,0.3,0.0,0.0,0.0,6.7,1.0,18.8,100
CPV,Cape Verde,2015,20.9,0.7,8.5,4.5,0.4,20.9,13.7,5.3,0.0,0.7,0.0,4.8,1.3,18.5,100
CAF,Central African Republic,2015,10.8,0.9,11.9,5.1,1.3,4.0,16.0,10.4,15.3,3.4,0.9,4.4,3.5,12.1,100
TCD,Chad,2015,10.1,0.9,10.4,4.6,1.2,4.2,23.3,13.7,6.0,2.1,0.2,5.6,5.0,12.7,100
CHL,Chile,2015,26.5,0.5,4.2,2.7,0.0,39.9,3.5,0.1,0.0,0.1,0.0,6.5,0.9,15.1,100
CHN,China,2015,18.3,0.8,14.3,2.9,0.1,17.9,12.1,2.8,0.0,0.2,0.3,16.6,1.4,12.4,100
COL,Colombia,2015,21.0,0.3,5.7,7.2,0.0,24.8,10.2,2.1,0.1,0.2,0.0,6.7,1.2,20.4,100
COM,Comoros,2015,19.3,1.5,12.2,7.1,0.5,6.3,15.8,7.5,7.9,1.1,0.0,5.1,2.1,13.6,100
COG,Congo,2015,15.6,2.0,11.2,5.9,0.2,9.6,13.4,7.1,5.6,6.3,0.7,6.8,1.0,14.6,100
COD,Congo DR,2015,12.6,1.0,9.9,5.0,0.4,4.8,15.2,10.5,11.9,1.1,3.1,5.7,2.6,16.3,100
COK,Cook Islands,2015,28.2,0.0,11.2,3.8,0.0,29.0,4.8,0.7,0.0,0.0,0.0,5.5,0.8,16.0,100
CRI,Costa Rica,2015,27.7,0.1,7.6,1.4,0.0,38.8,5.0,1.0,0.0,0.0,0.0,3.8,1.0,13.6,100
CIV,Cote d Ivoire,2015,14.5,0.9,12.2,8.4,0.6,4.7,14.5,7.6,16.7,2.1,0.2,4.3,2.1,11.1,100
HRV,Croatia,2015,15.6,0.0,7.2,3.4,0.0,27.3,2.7,0.0,0.0,0.0,0.0,4.5,2.5,36.9,100
CUB,Cuba,2015,16.8,0.0,7.7,4.6,0.0,23.5,11.2,1.3,0.0,0.1,0.0,8.5,2.9,23.4,100
CYP,Cyprus,2015,24.8,1.2,8.4,3.3,0.0,35.8,2.6,0.2,0.0,0.1,0.0,5.0,0.7,17.9,100
CZE,Czech Republic,2015,25.9,0.0,10.1,4.6,0.0,22.6,6.0,1.0,0.0,0.0,0.0,8.3,1.5,20.0,100
DNK,Denmark,2015,38.4,0.0,8.3,1.4,0.0,24.7,1.2,0.6,0.0,0.0,0.0,4.1,0.9,20.5,100
DJI,Djibouti,2015,19.8,0.3,13.9,7.1,0.6,7.7,12.9,8.1,0.3,3.2,3.5,5.8,1.1,15.6,100
DMA,Dominica,2015,13.9,0.0,16.8,18.9,0.0,22.6,3.9,1.4,0.0,0.0,0.0,7.0,0.0,15.4,100
DOM,Dominican Republic,2015,27.0,0.6,15.3,9.0,0.0,16.8,10.4,3.4,0.0,0.9,0.0,6.2,0.6,9.7,100
ECU,Ecuador,2015,21.3,0.7,7.4,5.4,0.6,21.7,12.2,4.1,0.0,0.0,0.0,8.0,1.5,17.0,100
EGY,Egypt,2015,24.0,0.6,10.7,2.9,0.9,21.1,12.7,5.0,0.0,0.0,0.2,5.7,0.5,15.8,100
SLV,El Salvador,2015,20.5,1.3,8.0,4.0,0.6,23.1,12.2,5.4,0.0,1.3,0.0,6.1,1.3,16.2,100
GNQ,Equatorial Guinea,2015,13.1,1.3,11.3,4.4,0.5,6.1,15.8,7.5,8.6,4.5,9.2,4.5,1.1,12.0,100
ERI,Eritrea,2015,10.6,2.6,12.6,8.4,0.2,7.8,20.0,8.9,0.6,0.9,1.7,8.7,3.3,13.7,100
EST,Estonia,2015,10.8,0.0,12.4,8.3,0.0,28.0,5.6,0.5,0.0,0.0,0.0,16.4,2.1,15.8,100
ETH,Ethiopia,2015,12.5,1.8,15.7,8.8,0.9,8.0,17.1,8.4,1.2,1.1,3.7,7.3,2.6,11.0,100
FSM,Federated States of Micronesia,2015,19.5,0.0,13.8,7.0,0.2,12.4,14.6,6.2,0.0,0.0,0.0,7.0,1.4,17.8,100
FJI,Fiji,2015,18.3,0.7,7.0,4.5,0.2,20.1,12.2,4.0,0.0,0.1,0.0,12.6,2.1,18.2,100
FIN,Finland,2015,20.0,0.0,9.0,2.8,0.0,31.9,2.6,0.0,0.0,0.0,0.0,7.6,0.7,25.4,100
FRA,France,2015,17.6,0.0,10.1,3.0,0.0,26.8,1.8,1.2,0.0,0.1,0.0,7.3,1.6,30.5,100
GAB,Gabon,2015,17.6,1.9,12.5,6.8,0.3,9.7,13.8,6.2,6.0,5.4,2.7,5.0,0.9,11.1,100
GMB,Gambia The,2015,14.9,1.2,13.9,9.1,0.4,7.6,13.8,8.8,3.5,2.5,0.2,6.9,1.5,15.6,100
GEO,Georgia,2015,26.6,0.7,9.2,5.4,0.0,27.2,8.1,0.9,0.0,0.2,0.0,7.0,1.2,13.5,100
DEU,Germany,2015,28.0,0.0,6.8,2.1,0.0,31.2,1.9,0.4,0.0,0.0,0.0,5.2,0.8,23.6,100
GHA,Ghana,2015,15.3,1.4,14.4,8.9,0.4,8.2,11.9,6.8,11.5,1.2,0.2,5.9,1.1,12.8,100
GRC,Greece,2015,34.0,0.0,5.4,0.5,0.0,43.6,3.3,0.0,0.0,0.0,0.0,4.0,0.4,8.8,100
GRD,Grenada,2015,21.3,0.0,11.4,3.2,0.0,21.9,6.5,2.4,0.0,0.0,0.0,8.6,0.0,24.7,100
GTM,Guatemala,2015,14.0,0.7,12.8,7.9,0.0,12.1,16.7,7.2,0.0,1.4,0.0,9.4,1.4,16.5,100
GIN,Guinea,2015,10.1,1.1,11.8,7.2,0.4,4.6,16.7,8.3,20.2,0.5,0.4,4.7,2.8,11.2,100
GNB,Guinea-Bissau,2015,12.9,0.9,14.8,9.0,0.8,5.9,17.5,9.5,4.0,3.5,0.5,5.4,2.6,12.5,100
GUY,Guyana,2015,19.7,0.0,13.1,9.2,0.0,11.9,6.9,5.3,6.2,0.8,0.0,7.1,1.4,18.4,100
HTI,Haiti,2015,13.2,1.7,11.2,6.8,0.3,7.0,22.5,10.4,0.2,0.7,0.0,7.6,3.5,14.8,100
HND,Honduras,2015,19.5,1.1,7.7,7.8,0.6,18.9,11.2,7.8,0.0,1.6,0.0,3.6,1.0,19.1,100
HUN,Hungary,2015,38.8,0.0,7.1,2.2,0.0,24.9,5.1,0.6,0.0,0.0,0.0,4.4,1.4,15.5,100
ISL,Iceland,2015,28.8,0.0,4.5,7.3,0.0,14.5,0.0,0.0,0.0,0.0,0.0,2.1,0.0,42.7,100
IND,India,2015,27.5,0.4,11.5,7.9,0.5,9.0,14.9,9.8,0.6,0.3,1.9,3.7,1.8,10.4,100
IDN,Indonesia,2015,18.9,0.7,12.0,6.5,0.2,10.8,17.0,5.8,1.4,1.2,3.0,6.8,1.7,13.9,100
IRN,Iran,2015,22.4,1.2,12.3,8.1,0.1,17.3,14.7,4.2,0.0,0.2,0.0,6.1,1.2,11.9,100
IRQ,Iraq,2015,21.6,0.6,14.2,7.1,0.3,14.1,15.2,5.5,0.0,0.0,0.1,6.8,1.0,13.4,100
IRL,Ireland,2015,24.7,0.0,6.6,2.3,0.0,43.1,2.0,0.3,0.0,0.0,0.0,3.9,1.8,15.3,100
ISR,Israel,2015,21.5,0.0,3.9,2.7,0.0,35.7,1.8,0.5,0.0,0.0,0.0,6.6,1.2,26.1,100
ITA,Italy,2015,26.2,0.0,7.5,3.4,0.0,26.9,1.5,0.2,0.0,0.0,0.0,3.4,0.6,30.2,100
JAM,Jamaica,2015,28.4,1.2,9.9,7.5,0.0,22.8,6.5,1.7,0.0,2.9,0.0,4.8,0.6,13.5,100
JPN,Japan,2015,8.4,0.0,4.8,1.8,0.0,39.0,6.5,1.9,0.0,0.0,0.0,11.5,0.5,25.4,100
JOR,Jordan,2015,28.4,1.0,8.2,4.6,0.3,22.7,8.9,2.6,0.0,0.0,0.0,8.8,0.6,13.9,100
KAZ,Kazakhstan,2015,17.3,0.9,12.3,5.6,0.1,19.4,13.1,5.8,0.0,0.1,0.0,8.3,0.7,16.2,100
KEN,Kenya,2015,13.0,1.9,15.3,7.2,0.4,9.1,14.1,7.3,5.1,5.6,0.3,6.9,1.6,12.0,100
KIR,Kiribati,2015,14.9,0.0,13.0,6.0,0.2,10.1,16.7,9.5,0.0,0.0,0.0,7.4,1.8,20.3,100
PRK,Korea DPR,2015,21.9,0.3,11.8,6.5,0.1,12.8,14.9,6.1,0.0,0.0,0.0,7.2,2.0,16.3,100
KOR,Korea Rep,2015,33.0,0.0,5.8,3.1,0.0,21.9,2.5,0.6,0.0,0.0,0.0,10.3,1.5,21.3,100
KWT,Kuwait,2015,27.9,0.0,2.0,0.4,0.0,37.7,9.3,0.4,0.0,0.0,0.0,6.8,1.3,14.2,100
KGZ,Kyrgyzstan,2015,17.9,0.7,13.6,6.7,0.1,18.1,14.0,5.1,0.0,0.7,0.0,8.3,1.4,13.4,100
LAO,Lao PDR,2015,13.8,1.7,14.3,7.9,0.6,6.8,17.3,11.2,0.4,0.4,0.2,8.3,1.4,15.7,100
LVA,Latvia,2015,14.7,0.3,29.2,6.8,0.0,25.8,4.1,0.2,0.0,0.0,0.0,7.2,0.7,11.0,100
LBN,Lebanon,2015,27.4,0.9,9.5,3.7,0.0,27.0,5.6,2.1,0.0,0.1,0.9,6.0,0.4,16.5,100
LSO,Lesotho,2015,14.5,1.0,11.7,5.4,0.5,6.1,17.2,9.7,0.0,10.4,0.4,5.8,1.8,15.4,100
LBR,Liberia,2015,11.6,1.4,10.7,7.6,0.2,5.9,16.5,8.9,12.5,1.2,0.7,6.1,3.0,13.7,100
LBY,Libya,2015,21.5,1.1,8.3,3.4,0.0,26.7,7.5,1.9,0.0,0.0,0.0,10.6,0.7,18.3,100
LTU,Lithuania,2015,16.5,0.3,7.5,7.9,0.0,31.8,5.8,0.2,0.0,0.0,0.0,11.8,3.5,14.6,100
LUX,Luxembourg,2015,25.1,0.0,4.8,1.6,0.0,19.6,0.0,0.0,0.0,0.0,0.0,9.5,2.0,37.4,100
MKD,Macedonia,2015,46.3,0.0,6.5,3.2,0.0,19.0,5.9,1.4,0.0,0.0,0.0,2.4,2.6,12.6,100
MDG,Madagascar,2015,12.8,1.9,12.7,6.9,0.3,7.7,17.3,9.1,4.5,0.7,0.3,8.4,2.1,15.3,100
MWI,Malawi,2015,13.2,1.3,10.3,6.4,0.2,7.2,13.5,7.6,6.9,7.6,1.1,6.8,1.6,16.4,100
MYS,Malaysia,2015,24.0,2.4,9.0,3.3,1.4,28.9,4.9,1.4,0.1,0.3,0.0,6.2,1.1,17.1,100
MDV,Maldives,2015,24.4,1.3,8.8,3.8,0.3,29.8,7.3,1.8,0.0,0.1,0.0,4.9,0.8,16.8,100
MLI,Mali,2015,11.1,0.8,10.5,7.3,0.5,3.8,13.0,9.4,23.5,1.4,0.6,4.6,2.0,11.4,100
MLT,Malta,2015,25.8,0.0,3.0,1.0,0.0,44.4,2.2,0.0,0.0,0.0,0.0,1.9,4.4,17.3,100
MHL,Marshall Islands,2015,19.3,0.0,11.3,6.5,0.2,11.9,16.6,7.2,0.0,0.0,0.0,7.3,1.7,18.1,100
MRT,Mauritania,2015,19.4,1.2,9.8,8.6,0.5,5.3,14.6,10.7,3.8,1.1,1.4,6.2,1.5,15.9,100
MUS,Mauritius,2015,26.6,0.0,5.4,6.6,0.0,25.0,10.8,2.3,0.0,0.0,0.0,4.7,0.6,17.8,100
MEX,Mexico,2015,20.1,0.2,7.4,8.0,0.0,25.4,11.1,2.9,0.0,0.2,0.0,7.6,0.8,16.3,100
MDA,Moldova,2015,18.9,0.0,9.6,7.5,0.0,31.5,15.7,0.6,0.0,0.1,0.0,6.7,1.2,8.2,100
MCO,Monaco,2015,21.8,0.0,7.3,2.7,0.0,31.8,1.7,0.0,0.0,0.0,0.0,10.0,0.9,23.8,100
MNG,Mongolia,2015,17.9,0.7,12.6,6.0,0.1,16.7,14.9,6.2,0.0,0.0,0.0,7.9,1.1,15.8,100
MNE,Montenegro,2015,30.6,0.0,36.2,2.2,0.0,7.5,3.9,0.0,0.0,0.0,0.0,2.0,1.1,16.4,100
MAR,Morocco,2015,23.2,0.6,14.4,10.7,0.2,13.4,11.4,4.6,0.0,0.1,0.0,6.6,0.6,14.1,100
MOZ,Mozambique,2015,12.2,1.1,10.8,7.3,0.3,5.5,14.3,8.9,13.1,5.0,0.3,5.8,1.8,13.6,100
MMR,Myanmar,2015,19.8,0.4,14.2,7.0,0.4,8.0,16.2,7.1,1.1,0.6,1.9,6.8,1.9,14.6,100
NAM,Namibia,2015,16.0,2.0,9.3,5.0,0.1,8.1,18.6,9.0,0.3,4.7,0.4,7.9,1.6,17.0,100
NRU,Nauru,2015,22.0,0.0,14.2,8.0,0.3,12.5,14.0,6.2,0.0,0.0,0.0,6.0,1.1,15.6,100
NPL,Nepal,2015,20.0,2.6,15.3,11.3,0.4,9.8,14.8,5.9,0.0,0.3,1.0,6.2,1.6,10.7,100
NLD,Netherlands,2015,23.5,0.1,10.0,5.6,0.0,30.5,1.9,0.4,0.0,0.0,0.0,4.2,1.0,22.8,100
NZL,New Zealand,2015,25.4,0.0,7.6,3.0,0.0,25.7,6.4,0.8,0.0,0.0,0.0,14.7,1.8,14.6,100
NIC,Nicaragua,2015,17.8,0.8,7.7,3.9,0.8,20.4,16.2,8.1,0.0,0.3,0.0,5.5,1.5,17.1,100
NER,Niger,2015,10.7,1.0,9.2,5.9,0.3,4.0,20.8,11.2,10.5,0.5,0.2,6.7,4.9,14.1,100
NGA,Nigeria,2015,11.7,1.2,10.9,5.2,0.8,4.5,17.8,10.3,13.6,3.5,1.2,5.1,2.5,11.8,100
NIU,Niue,2015,3.4,0.0,1.8,0.0,0.0,20.5,15.8,2.3,0.0,0.0,0.0,23.3,3.4,29.5,100
NOR,Norway,2015,18.5,0.0,10.2,1.9,0.0,31.7,2.0,0.2,0.0,0.0,0.0,3.4,1.2,30.8,100
OMN,Oman,2015,22.0,1.6,8.0,2.5,0.0,27.2,6.5,1.3,0.0,0.2,0.0,8.9,0.7,21.1,100
PAK,Pakistan,2015,23.6,1.2,12.9,9.8,1.5,5.1,14.8,9.1,0.1,0.1,0.7,6.7,1.2,13.3,100
PLW,Palau,2015,26.4,0.0,8.0,5.9,0.0,23.0,7.5,1.2,0.0,0.0,0.0,13.5,1.4,13.1,100
PAN,Panama,2015,18.5,0.1,8.2,8.0,0.0,25.8,13.3,5.2,0.0,0.2,0.0,3.7,1.2,15.8,100
PNG,Papua New Guinea,2015,14.9,1.5,12.7,6.5,0.5,7.1,16.2,6.8,11.8,1.1,0.5,5.8,2.1,12.4,100
PRY,Paraguay,2015,23.2,5.3,7.9,5.8,0.3,20.8,11.0,6.0,0.0,0.8,0.0,6.0,1.2,11.5,100
PER,Peru,2015,19.6,1.0,7.4,4.5,0.4,23.1,10.3,4.9,0.0,0.5,0.0,9.2,1.5,17.8,100
PHL,Philippines,2015,16.8,4.0,11.3,5.9,0.2,10.5,18.6,7.7,0.0,0.0,0.3,8.8,1.7,14.1,100
POL,Poland,2015,34.0,0.0,5.5,2.6,0.0,37.2,4.4,0.1,0.0,0.0,0.0,4.9,0.8,10.5,100
PRT,Portugal,2015,21.2,0.4,7.3,3.2,0.0,31.2,2.1,0.0,0.0,0.0,0.0,7.4,0.9,26.2,100
QAT,Qatar,2015,26.9,1.1,7.8,2.2,0.0,27.7,4.0,0.5,0.0,0.2,0.0,10.3,0.5,19.0,100
ROU,Romania,2015,24.0,0.0,4.2,0.7,0.0,24.2,28.0,0.9,0.0,0.1,0.0,7.1,1.3,9.5,100
RUS,Russian Federation,2015,24.1,0.8,7.4,3.3,0.0,29.1,7.0,0.8,0.0,1.0,0.0,8.0,1.4,17.1,100
RWA,Rwanda,2015,14.6,2.2,13.4,8.0,0.2,10.7,13.6,7.3,3.9,0.8,0.2,8.3,1.1,15.7,100
KNA,Saint Kitts & Nevis,2015,18.5,0.0,35.1,6.0,0.0,11.5,0.0,3.3,0.0,0.0,0.0,6.7,3.3,15.6,100
LCA,Saint Lucia,2015,32.7,0.0,12.1,9.9,0.0,15.7,5.6,0.0,0.0,0.0,0.0,4.2,1.1,18.7,100
WSM,Samoa,2015,24.1,1.1,7.7,5.7,0.0,24.0,9.7,3.1,0.0,0.0,0.0,7.0,1.3,16.4,100
SMR,San Marino,2015,3.7,0.0,4.5,0.0,0.0,33.6,3.6,0.3,0.0,0.0,0.0,17.1,1.6,35.7,100
STP,Sao Tome & Principe,2015,13.3,0.3,10.4,6.5,0.1,8.4,11.7,7.7,16.8,0.3,1.5,6.5,0.8,15.6,100
SAU,Saudi Arabia,2015,25.9,1.1,8.5,3.6,0.0,24.9,5.5,1.1,0.0,0.0,0.0,10.0,0.7,18.9,100
SEN,Senegal,2015,14.3,1.7,12.5,9.8,0.2,8.4,14.7,8.9,3.9,0.6,0.6,7.6,1.6,15.0,100
SRB,Serbia,2015,41.9,0.0,12.5,1.4,0.0,20.2,4.8,0.0,0.0,0.0,0.0,4.1,0.7,14.5,100
SYC,Seychelles,2015,21.1,0.0,7.1,9.6,0.0,21.6,5.2,1.0,0.0,0.0,0.0,8.2,0.9,25.3,100
SLE,Sierra Leone,2015,10.7,0.7,9.2,6.3,0.3,4.3,14.0,10.5,19.8,0.4,2.1,5.1,1.4,15.1,100
SGP,Singapore,2015,16.6,0.0,3.8,1.8,0.0,29.6,13.6,0.5,0.0,0.0,0.0,5.5,0.5,27.9,100
SVK,Slovakia,2015,31.3,0.1,5.1,1.0,0.0,32.8,8.7,0.3,0.0,0.0,0.0,3.2,1.0,16.5,100
SVN,Slovenia,2015,38.0,0.0,6.9,6.3,0.0,20.5,2.4,0.7,0.0,0.0,0.0,6.3,0.0,19.0,100
SLB,Solomon Islands,2015,14.3,3.6,12.0,6.3,0.2,11.9,18.1,7.2,0.9,0.0,0.0,8.4,2.4,14.9,100
SOM,Somalia,2015,8.2,1.0,12.5,3.4,1.9,4.5,24.2,14.5,1.1,0.5,5.0,5.8,4.8,12.6,100
ZAF,South Africa,2015,12.2,0.4,7.1,3.8,0.0,8.6,16.9,8.7,0.1,8.7,1.2,9.0,1.3,22.0,100
SSD,South Sudan,2015,11.7,1.1,16.3,4.9,2.7,5.4,20.4,8.2,7.2,3.7,0.7,4.8,3.6,9.3,100
ESP,Spain,2015,23.9,0.3,10.0,6.5,0.0,28.1,1.5,0.2,0.0,0.0,0.0,3.7,1.2,24.7,100
LKA,Sri Lanka,2015,21.6,1.0,8.1,2.1,0.8,28.0,6.2,2.0,0.0,0.2,0.0,6.4,0.9,22.6,100
VCT,St Vincent & the Grenadines,2015,37.6,0.0,11.0,9.4,0.0,17.3,5.2,0.0,0.0,0.0,0.0,4.5,0.0,15.0,100
SDN,Sudan,2015,13.6,1.4,13.5,8.6,0.6,6.8,17.4,10.7,1.1,0.4,1.2,8.6,1.8,14.4,100
SUR,Suriname,2015,24.1,0.0,11.0,9.0,0.0,18.2,7.7,1.3,0.0,2.0,0.0,9.3,2.0,15.4,100
SWZ,Swaziland,2015,11.1,1.4,7.8,3.5,0.1,9.6,15.9,10.4,0.0,11.7,0.0,8.2,1.2,19.2,100
SWE,Sweden,2015,16.5,0.0,11.7,3.2,0.0,28.2,4.0,0.4,0.0,0.1,0.0,3.3,0.4,32.2,100
CHE,Switzerland,2015,29.1,0.1,8.9,3.3,0.0,35.1,1.2,0.3,0.0,0.0,0.0,4.1,0.3,17.7,100
SYR,Syria,2015,18.6,1.7,8.2,2.9,0.6,19.3,7.1,14.4,0.0,0.0,2.0,12.0,0.3,12.9,100
TJK,Tajikistan,2015,16.0,0.4,13.2,6.6,0.2,10.2,17.4,7.8,0.0,0.4,0.0,7.8,2.0,18.1,100
TZA,Tanzania,2015,11.7,1.8,13.1,7.7,0.2,9.0,14.6,8.1,5.1,2.9,0.4,8.3,1.2,15.9,100
THA,Thailand,2015,24.2,0.6,7.3,3.3,0.5,27.2,9.2,2.8,0.1,0.9,0.4,6.4,0.9,16.3,100
TLS,Timor Leste,2015,10.9,2.3,14.4,8.4,0.4,7.4,20.8,9.6,1.6,0.2,0.0,8.3,1.9,14.0,100
TGO,Togo,2015,11.5,1.2,11.3,6.7,0.4,5.5,15.2,8.4,17.9,1.3,0.4,5.6,2.3,12.5,100
TON,Tonga,2015,19.3,0.0,6.2,4.3,0.0,24.6,10.9,3.4,0.0,0.0,0.0,10.2,1.7,19.5,100
TTO,Trinidad & Tobago,2015,24.1,0.0,9.3,3.4,0.0,22.6,7.7,0.4,0.0,1.6,0.0,7.1,0.8,23.1,100
TUN,Tunisia,2015,25.7,0.6,11.3,2.7,0.7,25.1,8.0,2.4,0.0,0.1,0.0,4.7,0.5,18.1,100
TUR,Turkey,2015,26.1,0.0,5.2,3.5,0.0,32.4,3.8,0.8,0.0,0.0,0.0,4.3,0.6,23.3,100
TKM,Turkmenistan,2015,17.8,0.3,12.5,5.6,0.2,12.1,16.7,8.2,0.0,0.0,0.0,7.2,1.2,18.1,100
TUV,Tuvalu,2015,29.2,0.0,11.1,5.9,0.0,18.4,12.2,3.3,0.0,0.0,0.0,6.2,1.1,12.6,100
UGA,Uganda,2015,11.5,1.8,11.3,6.3,0.2,7.4,16.0,8.2,7.5,5.7,0.1,7.1,2.7,14.1,100
UKR,Ukraine,2015,26.7,1.1,8.2,3.1,0.0,29.2,8.3,1.7,0.0,1.8,0.5,6.0,1.2,12.3,100
ARE,United Arab Emirates,2015,27.8,1.8,9.0,2.2,0.0,29.4,3.8,0.8,0.0,0.0,0.0,7.8,0.5,17.1,100
GBR,United Kingdom,2015,35.8,0.2,5.9,1.0,0.0,26.8,3.8,0.4,0.0,0.0,0.0,3.6,1.4,21.0,100
USA,United States of America,2015,26.8,0.1,4.5,2.3,0.0,24.8,2.7,1.5,0.0,0.0,0.0,12.5,0.5,24.3,100
URY,Uruguay,2015,18.1,1.0,6.9,6.7,0.0,34.1,6.3,1.4,0.0,0.0,0.0,7.3,1.3,16.8,100
UZB,Uzbekistan,2015,20.1,0.4,13.6,6.5,0.2,14.1,14.9,5.9,0.0,0.1,0.0,7.4,1.3,15.4,100
VUT,Vanuatu,2015,17.9,3.3,7.5,3.4,0.8,15.8,13.9,14.0,0.9,0.0,0.8,6.1,1.4,14.3,100
VEN,Venezuela,2015,24.6,0.3,8.7,9.9,0.0,20.0,10.8,5.1,0.4,0.3,0.0,8.4,1.3,10.1,100
VNM,Vietnam,2015,23.2,0.4,7.8,4.0,0.3,21.9,14.1,6.6,0.0,0.4,0.7,4.3,1.4,15.0,100
YEM,Yemen,2015,18.5,2.1,13.6,8.5,0.6,8.5,15.6,7.5,0.7,0.1,0.4,8.4,1.1,14.3,100
ZMB,Zambia,2015,10.8,1.4,12.0,6.1,0.2,7.1,15.4,8.9,7.2,6.4,0.3,7.3,1.4,15.3,100
ZWE,Zimbabwe,2015,14.3,0.2,10.8,4.7,0.3,7.7,14.7,9.7,2.3,8.9,0.4,7.2,1.4,17.5,100
AFG,Afghanistan,2000,11.7,1.2,9.7,4.0,2.7,3.3,22.0,17.3,0.2,0.0,8.3,4.8,4.4,10.6,100
ALB,Albania,2000,20.0,0.4,6.5,3.5,0.2,20.6,19.3,2.9,0.0,0.0,0.1,8.7,2.4,15.3,100
DZA,Algeria,2000,22.6,0.5,11.3,6.1,0.4,10.7,15.9,8.4,0.0,0.0,4.9,5.3,1.5,12.5,100
AND,Andorra,2000,28.0,0.0,9.5,3.5,0.0,32.5,2.7,0.1,0.0,0.0,0.0,5.0,0.9,17.6,100
AGO,Angola,2000,9.2,0.6,9.3,3.3,2.6,3.7,19.4,19.3,12.6,0.9,0.8,3.2,4.3,10.7,100
ATG,Antigua & Barbuda,2000,31.5,0.0,20.9,0.0,0.0,20.4,0.0,0.0,0.0,0.0,0.0,1.7,1.7,23.9,100
ARG,Argentina,2000,27.8,0.2,6.2,5.9,0.0,23.8,6.9,2.1,0.0,0.4,0.0,8.6,1.6,16.5,100
ARM,Armenia,2000,23.8,0.3,7.4,4.4,0.0,16.9,20.0,3.7,0.0,0.2,0.1,9.2,2.2,11.8,100
AUS,Australia,2000,17.5,0.1,9.8,2.4,0.0,28.1,2.6,0.1,0.0,0.0,0.0,11.0,1.8,26.7,100
AUT,Austria,2000,22.2,0.0,6.5,1.3,0.0,38.0,1.9,0.3,0.0,0.0,0.0,9.9,1.6,18.3,100
AZE,Azerbaijan,2000,20.8,0.3,11.6,3.9,0.8,7.2,19.5,12.7,0.0,0.0,0.1,5.4,2.5,15.3,100
BHS,Bahamas,2000,19.2,0.0,11.6,6.3,0.0,17.3,23.0,0.9,0.0,0.9,0.0,10.2,0.8,9.7,100
BHR,Bahrain,2000,19.6,0.0,5.9,1.0,0.0,41.5,1.7,0.4,0.0,0.0,0.0,13.5,0.4,15.9,100
BGD,Bangladesh,2000,14.3,0.2,12.8,10.6,1.2,4.2,19.8,12.1,1.3,0.0,4.0,5.0,3.1,11.4,100
BRB,Barbados,2000,36.5,0.0,18.3,0.7,0.0,8.5,0.0,0.0,0.0,5.3,0.0,5.0,3.1,22.6,100
BLR,Belarus,2000,23.4,0.6,7.4,2.9,0.0,26.9,13.7,1.6,0.0,0.2,0.0,7.6,1.9,13.9,100
BEL,Belgium,2000,17.1,0.2,8.9,2.1,0.0,30.8,1.2,0.7,0.0,0.0,0.0,9.9,4.1,25.0,100
BLZ,Belize,2000,26.8,0.0,10.4,3.5,0.0,17.2,12.6,4.5,0.0,1.4,0.0,12.3,3.2,8.1,100
BEN,Benin,2000,10.2,0.7,8.0,5.7,0.4,3.1,17.0,14.1,14.8,1.4,6.6,3.6,3.1,11.3,100
BTN,Bhutan,2000,11.9,0.2,12.5,8.6,0.5,5.7,21.6,13.6,0.3,0.1,2.4,6.5,2.9,13.2,100
BOL,Bolivia,2000,13.2,1.5,13.3,5.3,0.7,8.9,18.5,15.4,0.0,0.1,0.0,6.4,2.0,14.6,100
BIH,Bosnia & Herzegovina,2000,30.2,0.7,9.7,4.4,0.0,29.1,7.8,0.9,0.0,0.0,1.5,3.7,0.7,11.2,100
BWA,Botswana,2000,10.6,0.2,6.6,3.2,0.2,3.2,7.3,4.4,0.5,40.5,15.4,1.8,0.7,5.6,100
BRA,Brazil,2000,22.5,0.1,8.3,7.3,0.0,14.2,12.3,7.6,0.1,0.5,0.0,4.7,2.6,19.8,100
BRN,Brunei,2000,16.9,0.0,8.3,3.2,0.0,34.6,5.2,0.0,0.0,0.0,0.0,5.0,0.0,26.8,100
BGR,Bulgaria,2000,13.9,0.0,8.6,3.8,0.0,28.1,20.8,2.5,0.0,0.0,0.0,5.0,1.5,16.0,100
BFA,Burkina Faso,2000,7.8,0.6,6.4,4.0,0.7,1.8,9.7,8.2,37.5,2.0,11.6,1.8,2.8,5.2,100
BDI,Burundi,2000,8.9,0.7,8.5,3.9,0.8,2.6,17.2,13.3,19.5,3.3,4.8,3.5,3.8,9.2,100
KHM,Cambodia,2000,11.2,0.9,10.4,4.1,1.1,3.5,20.7,14.7,6.3,1.8,3.8,5.0,3.8,12.6,100
CMR,Cameroon,2000,8.7,0.8,8.0,3.2,0.6,3.3,16.5,14.1,19.2,5.0,4.8,3.4,2.6,9.8,100
CAN,Canada,2000,25.2,0.3,8.0,2.6,0.0,30.5,2.6,0.4,0.0,0.0,0.0,7.8,1.5,21.2,100
CPV,Cape Verde,2000,18.5,0.3,8.8,4.4,1.3,14.1,16.7,9.7,0.0,2.2,6.3,3.5,1.3,13.0,100
CAF,Central African Republic,2000,9.4,0.7,8.9,3.6,1.9,2.5,12.1,10.4,23.8,8.0,6.3,2.1,3.8,6.4,100
TCD,Chad,2000,8.5,0.8,9.1,3.5,2.1,3.2,21.3,19.4,6.3,2.5,5.3,3.8,4.2,9.9,100
CHL,Chile,2000,23.8,0.4,4.5,3.3,0.0,33.5,9.9,0.9,0.0,0.1,0.0,9.7,2.0,11.9,100
CHN,China,2000,15.3,0.3,18.2,2.0,0.5,14.9,19.1,4.9,0.0,0.1,0.3,12.8,1.3,10.3,100
COL,Colombia,2000,24.1,0.2,8.7,5.3,0.0,15.2,12.7,6.1,0.5,0.2,0.0,6.5,2.0,18.5,100
COM,Comoros,2000,17.0,1.3,11.8,6.3,1.3,4.4,18.5,12.3,8.6,0.0,0.0,4.3,3.2,11.1,100
COG,Congo,2000,11.0,1.2,9.2,3.1,0.6,4.0,15.5,12.1,13.9,6.5,7.1,3.5,2.0,10.4,100
COD,Congo DR,2000,9.8,0.9,7.9,2.6,0.9,2.3,12.1,10.2,29.3,1.6,9.9,2.4,2.8,7.5,100
COK,Cook Islands,2000,22.9,0.0,10.0,4.8,0.0,23.5,10.7,2.4,0.0,0.0,0.0,6.4,1.4,17.8,100
CRI,Costa Rica,2000,24.5,0.1,7.4,4.0,0.0,31.7,7.3,3.5,0.0,0.2,0.0,4.2,1.0,16.1,100
CIV,Cote d Ivoire,2000,11.2,0.7,10.5,6.1,1.4,2.6,9.7,7.0,32.8,4.9,4.3,1.9,1.2,5.6,100
HRV,Croatia,2000,31.6,0.0,6.9,5.0,0.0,30.1,5.5,0.3,0.0,0.0,0.0,8.0,1.4,11.3,100
CUB,Cuba,2000,16.5,0.0,11.4,6.6,0.0,27.4,6.3,1.5,0.0,0.0,0.0,8.4,3.6,18.3,100
CYP,Cyprus,2000,20.8,1.2,8.3,2.7,0.0,31.3,5.4,0.4,0.0,0.1,0.0,8.1,1.7,20.2,100
CZE,Czech Republic,2000,21.4,0.0,12.5,2.7,0.0,20.1,4.3,0.2,0.0,0.0,0.0,11.0,1.6,26.3,100
DNK,Denmark,2000,29.6,0.1,8.2,1.1,0.0,33.3,2.4,0.5,0.0,0.0,0.0,5.3,1.7,17.9,100
DJI,Djibouti,2000,16.2,0.2,13.1,4.2,2.0,4.5,16.6,12.2,0.7,4.0,7.4,4.2,2.4,12.3,100
DMA,Dominica,2000,46.3,0.0,9.8,4.3,0.0,21.0,3.1,0.0,0.0,0.0,0.0,1.4,0.0,14.1,100
DOM,Dominican Republic,2000,25.7,0.5,12.7,5.9,0.0,12.3,13.6,6.8,0.0,6.0,0.0,5.0,1.3,10.2,100
ECU,Ecuador,2000,21.8,0.6,8.0,6.0,1.0,14.8,14.5,8.4,0.0,0.9,0.0,6.4,1.5,16.1,100
EGY,Egypt,2000,23.4,0.4,10.6,1.9,1.3,13.5,19.4,8.7,0.0,0.0,3.0,4.3,0.8,12.7,100
SLV,El Salvador,2000,17.5,0.6,8.0,5.4,0.5,15.6,18.2,9.2,0.0,1.1,0.0,6.0,1.6,16.2,100
GNQ,Equatorial Guinea,2000,10.3,0.8,9.5,3.5,1.2,3.6,15.2,12.9,19.0,1.2,8.3,3.2,1.4,10.0,100
ERI,Eritrea,2000,7.3,1.3,8.4,5.1,0.3,3.3,17.9,11.5,0.3,1.8,26.3,4.7,3.3,8.6,100
EST,Estonia,2000,18.5,0.0,4.6,10.8,0.0,27.2,7.3,1.7,0.0,0.0,0.0,21.3,0.9,7.6,100
ETH,Ethiopia,2000,9.2,1.0,11.9,4.9,3.0,3.3,20.6,15.4,2.8,3.5,4.4,4.1,6.9,8.9,100
FSM,Federated States of Micronesia,2000,18.3,0.6,14.0,4.6,0.6,9.6,16.8,10.9,0.0,0.0,0.8,6.0,1.8,16.1,100
FJI,Fiji,2000,21.7,0.6,9.3,6.2,0.4,18.6,10.9,4.7,0.0,0.2,1.9,7.5,2.0,16.1,100
FIN,Finland,2000,22.0,0.0,7.7,1.7,0.0,40.4,1.6,1.0,0.0,0.0,0.0,6.7,0.5,18.3,100
FRA,France,2000,17.6,0.4,12.2,3.5,0.0,28.1,1.5,1.5,0.0,0.1,0.0,8.8,2.1,24.3,100
GAB,Gabon,2000,16.7,1.6,10.3,4.3,0.6,5.1,12.4,8.2,9.1,11.9,8.1,3.1,1.0,7.7,100
GMB,Gambia The,2000,10.9,0.9,11.7,8.5,0.5,4.3,15.8,15.0,7.6,1.7,4.3,4.6,2.3,12.0,100
GEO,Georgia,2000,27.3,0.3,8.1,5.1,0.0,14.9,17.6,3.7,0.0,0.1,0.0,9.0,1.9,11.8,100
DEU,Germany,2000,28.9,0.0,5.2,1.8,0.0,33.4,1.7,0.4,0.0,0.1,0.0,7.0,1.7,19.8,100
GHA,Ghana,2000,10.9,1.0,10.8,6.3,0.7,3.4,11.9,7.7,21.8,3.3,11.2,2.9,1.7,6.5,100
GRC,Greece,2000,41.4,0.0,6.9,1.6,0.0,35.2,2.9,0.0,0.0,0.0,0.0,4.7,1.1,6.2,100
GRD,Grenada,2000,27.8,0.0,22.4,10.9,0.0,2.7,9.2,3.7,0.0,0.0,0.0,8.1,0.0,15.2,100
GTM,Guatemala,2000,12.9,0.4,12.7,7.2,0.0,7.8,22.1,12.6,0.1,0.5,0.0,7.2,2.6,14.0,100
GIN,Guinea,2000,7.6,0.7,8.9,5.5,0.9,2.6,13.1,11.0,21.5,1.6,14.5,2.5,2.4,7.1,100
GNB,Guinea-Bissau,2000,10.6,0.6,9.4,4.8,2.4,3.1,16.4,14.4,13.4,1.7,8.7,3.0,2.9,8.6,100
GUY,Guyana,2000,26.0,0.0,11.6,8.0,0.0,9.7,8.4,12.3,3.2,2.4,0.0,4.7,0.8,13.0,100
HTI,Haiti,2000,10.9,1.3,9.8,4.2,0.6,4.6,23.4,17.2,0.5,4.8,0.0,5.8,4.1,12.7,100
HND,Honduras,2000,19.1,0.5,8.2,5.9,0.4,13.0,15.7,10.0,0.1,4.6,0.0,2.8,1.5,18.1,100
HUN,Hungary,2000,44.7,0.0,4.8,0.3,0.0,23.5,7.1,0.1,0.0,0.0,0.0,6.9,1.2,11.5,100
ISL,Iceland,2000,30.2,0.0,10.7,0.0,0.0,19.5,0.0,0.0,0.0,0.0,0.0,7.8,0.0,31.8,100
IND,India,2000,17.5,0.2,13.3,7.6,2.3,4.9,19.1,13.4,0.5,0.3,2.9,3.1,2.6,12.2,100
IDN,Indonesia,2000,13.3,0.4,12.5,6.0,0.3,6.8,18.9,10.7,0.5,0.0,8.9,6.1,2.3,13.2,100
IRN,Iran,2000,22.1,0.5,12.5,7.6,0.2,11.7,16.3,8.3,0.0,0.0,0.3,5.7,1.6,13.1,100
IRQ,Iraq,2000,18.6,0.5,14.6,8.6,0.5,9.7,17.0,9.2,0.0,0.0,1.4,6.0,1.5,12.5,100
IRL,Ireland,2000,26.1,0.0,4.2,2.1,0.0,41.7,3.0,0.0,0.0,0.0,0.9,3.2,5.2,13.6,100
ISR,Israel,2000,30.1,0.0,3.9,2.7,0.0,26.3,1.7,0.8,0.0,0.0,0.0,6.4,0.3,27.9,100
ITA,Italy,2000,32.5,0.0,9.1,1.9,0.0,33.5,1.9,0.0,0.0,0.3,0.0,4.2,0.6,16.0,100
JAM,Jamaica,2000,28.7,0.9,11.0,10.8,0.0,17.9,5.4,1.4,0.0,9.8,0.0,2.7,0.4,11.2,100
JPN,Japan,2000,10.5,0.0,5.3,2.3,0.0,40.0,6.7,0.6,0.0,0.0,0.2,12.3,1.1,20.8,100
JOR,Jordan,2000,26.5,0.7,10.2,4.2,1.5,17.7,11.7,4.8,0.0,0.0,0.0,8.6,0.7,13.4,100
KAZ,Kazakhstan,2000,21.9,0.4,10.9,4.1,0.3,11.6,18.1,10.0,0.0,0.1,0.0,6.2,1.9,14.5,100
KEN,Kenya,2000,9.2,1.0,9.9,4.4,0.4,3.9,17.3,11.8,7.2,17.1,1.3,4.2,2.8,9.6,100
KIR,Kiribati,2000,14.7,0.0,13.7,5.4,0.6,8.1,20.3,12.6,0.0,0.0,0.0,5.6,3.1,16.0,100
PRK,Korea DPR,2000,20.1,0.2,11.1,4.2,0.4,7.3,19.3,11.8,0.0,0.0,0.0,5.9,3.5,16.1,100
KOR,Korea Rep,2000,22.0,0.0,5.8,3.8,0.0,23.5,5.7,0.9,0.0,0.0,0.4,16.8,1.6,19.3,100
KWT,Kuwait,2000,23.5,0.1,3.7,1.5,0.0,45.2,6.1,0.4,0.0,0.0,0.0,6.9,0.8,11.8,100
KGZ,Kyrgyzstan,2000,19.3,0.4,11.8,4.3,0.3,11.4,18.4,10.0,0.0,0.1,0.0,6.4,3.1,14.5,100
LAO,Lao PDR,2000,10.0,1.1,12.7,4.4,2.6,3.9,22.2,16.0,1.3,0.0,6.3,5.2,3.4,10.9,100
LVA,Latvia,2000,19.1,0.0,15.6,1.8,0.0,34.1,4.6,0.0,0.0,0.0,0.0,11.7,1.4,11.7,100
LBN,Lebanon,2000,24.5,0.5,9.5,4.7,0.0,22.0,10.7,4.2,0.0,0.1,0.7,8.8,0.7,13.6,100
LSO,Lesotho,2000,10.9,0.9,10.9,4.6,0.7,4.0,15.7,10.8,0.0,25.3,0.9,3.4,2.4,9.4,100
LBR,Liberia,2000,7.8,0.7,7.1,3.4,0.8,2.3,11.7,10.7,25.8,1.5,16.4,2.1,3.1,6.7,100
LBY,Libya,2000,22.7,0.6,10.8,4.2,0.0,19.8,11.0,2.9,0.0,0.0,0.0,10.2,0.8,17.1,100
LTU,Lithuania,2000,13.9,0.0,8.0,2.2,0.0,37.2,8.9,0.3,0.0,0.0,0.0,16.7,2.3,10.4,100
LUX,Luxembourg,2000,19.8,0.0,21.1,1.8,0.0,12.2,0.0,0.0,0.0,0.0,0.0,14.9,7.0,23.1,100
MKD,Macedonia,2000,35.6,0.0,11.0,2.3,0.0,16.6,8.1,8.7,0.0,0.0,0.0,2.9,0.9,13.8,100
MDG,Madagascar,2000,10.8,1.2,9.9,4.1,0.6,3.7,22.5,16.2,2.7,0.6,5.7,5.3,4.1,12.7,100
MWI,Malawi,2000,7.5,0.6,7.0,3.8,0.3,2.9,16.2,13.9,15.7,14.6,0.2,3.1,3.9,10.3,100
MYS,Malaysia,2000,22.3,1.8,9.1,3.5,1.0,28.0,8.6,3.0,0.2,0.8,0.0,6.5,1.4,13.9,100
MDV,Maldives,2000,26.8,0.4,8.5,6.7,0.1,13.4,16.2,5.3,0.0,0.0,0.0,4.5,1.2,16.9,100
MLI,Mali,2000,9.5,0.5,7.5,4.0,2.2,2.9,16.0,15.8,23.4,1.2,3.1,2.6,3.0,8.3,100
MLT,Malta,2000,36.6,0.0,6.7,3.1,0.0,20.6,1.5,0.0,0.0,0.0,0.0,4.8,5.2,21.5,100
MHL,Marshall Islands,2000,18.5,0.0,12.4,5.6,0.3,11.0,17.4,10.8,0.0,0.0,0.0,6.3,2.1,15.6,100
MRT,Mauritania,2000,17.4,1.1,9.4,5.8,1.4,3.4,19.0,14.1,3.7,1.0,5.5,4.3,2.8,11.0,100
MUS,Mauritius,2000,40.4,0.0,9.8,4.4,0.0,21.3,3.9,1.6,0.0,0.0,0.0,6.9,1.6,10.1,100
MEX,Mexico,2000,15.9,0.0,6.7,4.9,0.0,19.3,16.3,7.8,0.0,0.2,0.0,9.5,1.6,17.7,100
MDA,Moldova,2000,5.9,0.0,13.5,8.2,0.0,25.7,26.3,1.4,0.0,0.0,0.0,10.4,1.7,7.0,100
MCO,Monaco,2000,38.8,0.0,13.0,4.0,0.0,32.4,0.4,0.0,0.0,0.0,0.0,0.5,0.0,10.8,100
MNG,Mongolia,2000,19.0,0.3,10.8,4.1,0.3,8.4,19.6,12.2,0.0,0.0,0.6,6.2,2.7,15.8,100
MNE,Montenegro,2000,28.5,0.0,32.4,2.7,0.0,12.9,2.5,1.2,0.0,0.0,0.0,4.0,0.0,15.8,100
MAR,Morocco,2000,19.8,0.4,14.1,9.6,0.7,8.9,17.2,9.5,0.0,0.1,0.2,5.2,2.1,12.2,100
MOZ,Mozambique,2000,8.7,0.6,8.4,4.8,0.8,2.5,12.8,10.8,27.1,7.2,3.6,2.4,2.9,7.4,100
MMR,Myanmar,2000,17.4,0.2,13.4,6.4,1.0,4.9,19.0,12.0,1.1,0.5,1.6,5.6,3.8,13.1,100
NAM,Namibia,2000,10.0,1.5,8.0,3.4,0.2,4.1,15.1,9.5,2.3,29.9,0.1,4.1,1.8,10.0,100
NRU,Nauru,2000,22.1,0.0,13.9,6.5,0.5,10.9,16.4,8.9,0.0,0.0,0.0,5.3,1.7,13.8,100
NPL,Nepal,2000,12.4,1.4,14.6,8.6,1.7,5.0,19.0,10.9,0.0,0.1,8.7,4.8,3.0,9.6,100
NLD,Netherlands,2000,21.2,0.0,11.8,3.3,0.0,35.6,2.3,0.0,0.0,0.0,0.0,5.8,2.9,17.2,100
NZL,New Zealand,2000,22.4,0.4,6.4,1.1,0.0,28.8,5.7,0.4,0.0,0.0,0.0,12.2,4.2,18.4,100
NIC,Nicaragua,2000,18.2,0.5,8.3,3.8,0.5,12.0,18.0,15.5,0.1,1.0,0.0,3.5,1.7,17.1,100
NER,Niger,2000,6.7,0.6,7.0,3.3,1.0,3.0,20.6,20.7,10.9,0.7,5.1,3.4,7.0,10.0,100
NGA,Nigeria,2000,7.3,0.7,8.9,3.0,1.8,2.8,14.3,13.0,19.4,2.4,14.4,2.6,2.1,7.4,100
NIU,Niue,2000,4.8,0.0,2.6,0.0,0.0,21.4,20.9,4.0,0.0,0.0,0.0,13.6,4.2,28.6,100
NOR,Norway,2000,12.3,0.0,10.1,1.1,0.0,37.1,3.4,0.5,0.0,0.0,0.0,6.2,5.0,24.5,100
OMN,Oman,2000,18.1,1.0,8.3,2.8,0.0,25.2,11.1,2.2,0.0,0.4,0.0,9.4,0.9,20.7,100
PAK,Pakistan,2000,15.5,1.2,15.3,8.7,5.3,4.2,18.9,12.7,0.2,0.0,0.8,5.0,2.4,9.8,100
PLW,Palau,2000,26.3,0.0,8.3,6.1,0.0,18.1,9.6,1.8,0.0,0.0,0.0,13.9,2.2,13.6,100
PAN,Panama,2000,20.4,0.0,8.2,6.2,0.0,27.3,9.8,4.7,0.0,0.7,0.0,3.2,1.6,17.9,100
PNG,Papua New Guinea,2000,13.7,1.2,11.6,5.0,0.8,4.9,15.5,9.1,12.9,1.4,7.7,4.2,2.4,9.7,100
PRY,Paraguay,2000,22.5,3.3,7.8,7.1,1.3,14.7,14.3,9.3,0.0,0.3,0.0,5.3,1.3,12.8,100
PER,Peru,2000,17.1,0.5,7.3,4.7,0.8,13.8,16.6,8.6,0.0,1.2,0.0,8.3,2.5,18.5,100
PHL,Philippines,2000,16.4,3.1,11.4,5.1,0.3,8.0,21.4,11.7,0.1,0.0,0.1,6.9,2.7,12.8,100
POL,Poland,2000,25.9,0.0,9.2,5.8,0.0,36.3,5.0,0.2,0.0,0.0,0.0,6.1,1.1,10.4,100
PRT,Portugal,2000,18.3,0.1,6.4,2.4,0.0,31.5,3.7,0.2,0.2,0.2,0.0,9.5,4.4,23.0,100
QAT,Qatar,2000,25.0,0.7,9.1,2.6,0.0,25.5,5.2,0.8,0.0,0.1,0.0,9.8,0.8,20.3,100
ROU,Romania,2000,20.3,0.0,5.6,0.9,0.0,19.6,31.1,2.3,0.0,0.1,0.0,8.1,2.5,9.4,100
RUS,Russian Federation,2000,24.8,0.4,7.4,5.0,0.0,21.0,13.8,1.8,0.0,1.0,0.0,9.0,2.1,13.7,100
RWA,Rwanda,2000,7.5,0.8,9.4,4.5,0.6,3.7,20.8,18.4,5.7,4.9,1.1,4.0,7.1,11.6,100
KNA,Saint Kitts & Nevis,2000,35.1,0.0,19.1,3.7,0.0,12.3,2.6,2.6,0.0,0.0,0.0,1.7,0.0,23.0,100
LCA,Saint Lucia,2000,30.9,0.0,10.4,10.5,0.0,13.7,4.0,2.3,0.0,2.2,0.0,5.7,0.8,19.6,100
WSM,Samoa,2000,24.2,0.9,7.4,5.3,0.0,21.9,13.2,4.7,0.0,0.0,0.0,7.2,1.5,13.7,100
SMR,San Marino,2000,3.3,0.0,4.1,0.0,0.0,30.5,5.2,0.2,0.0,0.0,0.0,18.8,3.0,34.9,100
STP,Sao Tome & Principe,2000,12.2,0.2,9.2,4.3,0.3,4.8,16.6,11.5,20.7,1.8,0.2,4.3,2.6,11.4,100
SAU,Saudi Arabia,2000,22.9,0.8,10.4,3.9,0.0,21.4,9.8,2.6,0.0,0.0,0.1,9.0,0.8,18.3,100
SEN,Senegal,2000,11.0,0.9,8.8,5.3,0.7,3.5,18.6,14.9,8.3,0.4,7.9,4.0,4.7,11.1,100
SRB,Serbia,2000,31.2,0.0,16.4,4.7,0.0,26.4,5.4,0.9,0.0,0.3,0.0,4.8,1.4,8.5,100
SYC,Seychelles,2000,27.3,0.0,9.4,6.3,0.0,25.3,6.6,1.2,0.0,0.0,0.0,8.3,1.0,14.8,100
SLE,Sierra Leone,2000,7.0,0.5,5.6,3.0,1.0,2.5,12.8,13.6,26.0,0.5,15.8,2.0,2.6,7.1,100
SGP,Singapore,2000,20.3,0.0,3.6,1.7,0.0,33.1,8.8,0.0,0.0,0.0,0.0,6.3,4.0,22.1,100
SVK,Slovakia,2000,31.4,0.0,4.9,1.5,0.0,27.9,11.4,1.3,0.0,0.0,0.0,5.2,1.5,15.0,100
SVN,Slovenia,2000,32.2,0.0,7.9,4.9,0.0,38.6,0.0,0.0,0.0,0.0,0.0,6.6,0.0,9.8,100
SLB,Solomon Islands,2000,13.5,2.9,12.3,6.5,0.2,9.7,16.4,7.7,12.1,0.0,0.0,5.6,2.9,10.2,100
SOM,Somalia,2000,7.4,0.7,8.2,2.9,1.7,2.8,17.7,15.7,1.1,0.4,26.2,3.3,3.9,8.1,100
ZAF,South Africa,2000,9.5,0.2,5.7,2.7,0.0,4.8,14.6,11.7,0.2,28.5,0.6,5.0,1.3,15.1,100
SSD,South Sudan,2000,8.5,1.1,10.9,3.2,4.8,3.3,18.8,15.9,12.8,1.5,3.4,3.3,4.4,8.1,100
ESP,Spain,2000,22.8,0.1,8.0,5.2,0.0,34.9,2.0,0.2,0.0,0.1,0.0,5.5,2.9,18.4,100
LKA,Sri Lanka,2000,22.8,0.6,8.4,4.0,0.5,23.6,10.1,4.1,0.3,0.0,0.0,6.1,0.9,18.6,100
VCT,St Vincent & the Grenadines,2000,35.8,0.0,11.2,3.5,0.0,16.1,3.3,3.4,0.0,3.2,0.0,6.8,1.1,15.8,100
SDN,Sudan,2000,13.3,1.2,9.8,5.1,0.8,3.6,21.1,15.0,2.2,0.1,5.6,5.1,5.0,12.1,100
SUR,Suriname,2000,20.9,0.0,7.9,14.7,0.0,12.2,8.2,6.6,3.0,1.2,0.0,8.2,2.1,15.0,100
SWZ,Swaziland,2000,6.8,0.8,6.0,2.3,0.1,4.3,15.9,12.3,0.0,35.2,0.0,3.6,2.0,10.5,100
SWE,Sweden,2000,16.5,0.4,9.0,4.8,0.0,45.1,1.8,0.0,0.0,0.0,0.0,4.2,1.3,16.9,100
CHE,Switzerland,2000,25.8,0.0,8.1,2.7,0.0,30.9,1.5,0.3,0.0,0.0,0.0,8.0,2.0,20.6,100
SYR,Syria,2000,22.6,0.9,10.9,3.6,0.6,20.7,14.4,9.5,0.0,0.0,0.1,4.2,0.6,11.8,100
TJK,Tajikistan,2000,13.8,0.2,10.1,3.9,0.5,5.5,22.6,15.5,0.0,0.3,0.0,6.0,4.5,17.0,100
TZA,Tanzania,2000,7.9,0.8,9.2,4.5,0.4,3.3,18.0,13.6,12.7,9.9,2.0,3.9,3.6,10.2,100
THA,Thailand,2000,23.3,0.4,8.1,5.6,0.4,20.4,13.0,4.8,1.0,3.5,0.2,4.6,1.1,13.4,100
TLS,Timor Leste,2000,12.3,0.9,11.1,4.3,1.5,3.6,22.5,16.1,7.2,0.0,0.0,5.5,3.3,11.7,100
TGO,Togo,2000,9.3,0.9,9.1,4.9,0.7,2.8,11.8,8.4,26.9,4.0,10.2,2.5,2.1,6.3,100
TON,Tonga,2000,19.5,0.0,6.0,4.6,0.0,23.6,12.8,4.9,0.0,0.0,0.0,8.9,1.7,18.0,100
TTO,Trinidad & Tobago,2000,37.5,0.0,26.6,2.8,0.0,12.6,3.2,1.0,0.0,3.0,0.0,2.5,1.2,9.7,100
TUN,Tunisia,2000,24.6,0.3,11.5,3.4,1.3,17.7,15.2,5.5,0.0,0.0,0.0,4.9,0.7,14.9,100
TUR,Turkey,2000,24.0,0.0,7.2,3.9,0.0,24.7,8.1,1.0,0.0,0.0,0.0,3.3,0.7,27.1,100
TKM,Turkmenistan,2000,16.3,0.2,10.4,3.7,0.4,7.6,21.1,14.3,0.0,0.0,0.0,6.0,2.8,17.2,100
TUV,Tuvalu,2000,26.5,0.0,11.3,4.7,0.0,13.0,17.9,6.0,0.0,0.0,0.0,6.3,1.5,12.7,100
UGA,Uganda,2000,7.5,0.8,7.4,3.5,0.3,2.6,13.2,10.1,27.2,7.5,7.0,2.8,2.7,7.3,100
UKR,Ukraine,2000,25.8,0.5,7.9,4.0,0.0,22.8,14.7,2.0,0.0,3.7,0.2,6.5,1.6,10.5,100
ARE,United Arab Emirates,2000,25.2,0.9,9.0,2.2,0.0,26.3,5.4,0.8,0.0,0.0,0.0,8.7,0.8,20.7,100
GBR,United Kingdom,2000,35.0,0.1,6.2,2.7,0.0,23.7,4.1,1.3,0.0,0.1,0.0,5.0,3.0,18.9,100
USA,United States of America,2000,27.4,0.0,4.8,2.7,0.0,25.3,3.1,2.0,0.0,0.1,0.0,11.4,0.9,22.2,100
URY,Uruguay,2000,21.9,0.0,7.4,6.5,0.0,26.0,8.8,3.1,0.0,0.4,0.0,7.4,1.2,17.2,100
UZB,Uzbekistan,2000,19.6,0.3,12.2,4.5,0.5,9.2,18.7,11.0,0.0,0.2,0.0,5.3,2.9,15.6,100
VUT,Vanuatu,2000,17.4,1.8,8.3,2.9,0.7,15.7,15.6,15.6,7.9,0.0,0.0,5.2,1.4,7.7,100
VEN,Venezuela,2000,25.2,0.5,9.0,9.7,0.0,14.9,8.1,10.4,0.1,0.2,0.0,6.5,1.9,13.5,100
VNM,Vietnam,2000,18.0,0.2,6.7,3.4,0.4,15.1,19.2,13.9,0.2,0.2,6.7,3.4,1.5,11.1,100
YEM,Yemen,2000,14.2,1.2,9.8,6.2,1.3,3.7,21.9,14.8,1.2,0.0,5.2,5.6,3.0,11.8,100
ZMB,Zambia,2000,6.8,0.6,7.7,3.8,0.3,3.0,16.5,14.4,15.0,11.2,4.8,3.3,2.8,9.8,100
ZWE,Zimbabwe,2000,7.7,0.2,6.7,2.7,0.2,3.3,12.3,8.7,3.4,41.2,0.3,2.9,1.9,8.6,100
